57 73 49 79 71  6  9 13 77  3 10 55 25 43 32 67 56 47  7 57 19 29 23  4 72 30 51 47 58
55 17 67  9 42 23 67 59 11 48 41  7 15 54 59 43 11 70 57 77 21 73 48  1 24 43 39 61 17
69 41 69 64 51 49 43 53 22 71 29 11 58 29 15 51  2 75 27  7 37 36 53 14 69 47 19 13 13
17 67 42  9 77 67  7 29 47 67  1 37 61 49 35 46 25 69 77 43 23 63 32 45 53 27 21 29  9
61 22 75 57 19 27 69 61 73 15 63 63 21 23 30 63 49 23 59  1 13  2  3 59 25 43 11 25 11
 6 13  5 29 55 28  5 75 63 77  7 43  7 72 17  9 15 15 79 25 40  7 75 11 55 51 79 71 59
53 39 75 61 12  5 15 49 45  7 77 39 42  3 17 15 65 57 21 40 65 35 77 41 77 11 69 23 61
23 53 27 63 47 19  9  1 43 41 43 62 49 25 45 43 37  5 30 31 13 51 23 77 61 57  7 51 35
71 29 21  1  9 37 77 13 29 41 50 67 25 29 75  9 37 34 17 45 55 19 25 49 63 71 37 21 26
73  3 55 11 57 25  5 45 21  2 59 69 19 75 47 31 52 51 57  1 49 61 43 63 31 65 35 14 13
51 77  1 21  9 51 41 55 16  1 21 29 43 45 53 74 67 51 67  3 21 33 59 63 79 47 26 45  3
49 11 15 65  1 75 21 30 43 23 23 57 53 71  1 47 77 36 33 35 77 73 59 63 37 32 59  5 21
57 45 49 65 23 77  6 59 75 37 51 13 37 23 43 61 63 39 77 75 25 39  7 21 56 57 37 15 27
43 13 41 23 59 58 61 75 45 11 27 47  3 17 39 65  9  5  5 33 71 33 75 60 57 43 11 25 33
41 61 71 19 20 71 23 47 61 67 27 43 79 31 51 15 75 51 59 30 59  5 78  5 17 75  3 37 65
29 63 29 10  3 77 27 65 25 73 13 21 17  9 55 71 75 67 79  5  7 22 39 47 37 15 21 25 39
49 23 78 79 13 31 69 53 19  5 33 29 71 75 65 11 79 77 71  1 34 39 67 37 17 49  7 59 35
15 18 17 59 43 25  1 55  1 25 15 21 41  9 37 17  7 59 35 60 27 55 63 13 23 31 15 11 35
52 37 31  7 49 65 75 19 39  1 55 17 77 55 65 47 53 31 79 25 57 41 17  1 55 77 23 21 47
